음절   출현횟수   백분율   누적백분율
=====================================
이     997684     3.1940     3.1940
다     768317     2.4597     5.6537
의     760722     2.4354     8.0892
는     676515     2.1658    10.2550
에     627333     2.0084    12.2633
을     546243     1.7488    14.0121
하     522169     1.6717    15.6838
한     470453     1.5061    17.1899
고     457229     1.4638    18.6537
가     444780     1.4239    20.0777
로     425251     1.3614    21.4391
기     422263     1.3518    22.7909
지     394335     1.2624    24.0534
사     338369     1.0833    25.1366
서     337438     1.0803    26.2169
은     311376     0.9969    27.2138
도     308955     0.9891    28.2029
를     300365     0.9616    29.1645
대     298147     0.9545    30.1190
정     273460     0.8755    30.9944
리     255872     0.8192    31.8136
자     255148     0.8168    32.6304
수     254804     0.8157    33.4462
시     253080     0.8102    34.2564
으     246428     0.7889    35.0453
있     245164     0.7849    35.8302
어     240951     0.7714    36.6016
구     229632     0.7352    37.3367
인     228483     0.7315    38.0682
나     228153     0.7304    38.7986
제     223980     0.7171    39.5157
국     212724     0.6810    40.1967
과     209470     0.6706    40.8673
그     208329     0.6670    41.5343
해     205921     0.6592    42.1935
전     199889     0.6399    42.8335
부     188768     0.6043    43.4378
것     182105     0.5830    44.0208
일     181719     0.5818    44.6025
적     180659     0.5784    45.1809
아     180612     0.5782    45.7591
연     178965     0.5729    46.3321
라     177564     0.5685    46.9005
성     177476     0.5682    47.4687
들     167937     0.5376    48.0064
상     163622     0.5238    48.5302
원     161526     0.5171    49.0473
여     160205     0.5129    49.5602
보     159703     0.5113    50.0715
장     148406     0.4751    50.5466
화     144438     0.4624    51.0090
주     141423     0.4528    51.4618
소     133720     0.4281    51.8898
동     132904     0.4255    52.3153
공     130387     0.4174    52.7328
조     128791     0.4123    53.1451
스     128014     0.4098    53.5549
경     126218     0.4041    53.9590
계     125841     0.4029    54.3619
용     121744     0.3898    54.7516
위     121570     0.3892    55.1408
우     121302     0.3883    55.5292
게     120591     0.3861    55.9152
학     120517     0.3858    56.3010
만     118495     0.3794    56.6804
개     115269     0.3690    57.0494
면     112714     0.3608    57.4103
되     112203     0.3592    57.7695
관     110937     0.3552    58.1246
문     110569     0.3540    58.4786
유     109371     0.3501    58.8288
선     105730     0.3385    59.1673
중     103639     0.3318    59.4991
산     101919     0.3263    59.8253
치     100947     0.3232    60.1485
신     100765     0.3226    60.4711
회     100130     0.3206    60.7917
발     100101     0.3205    61.1121
비      98382     0.3150    61.4271
분      96897     0.3102    61.7373
생      93600     0.2997    62.0370
내      92957     0.2976    62.3346
방      92209     0.2952    62.6298
무      91601     0.2933    62.9230
와      90523     0.2898    63.2128
세      90453     0.2896    63.5024
니      87535     0.2802    63.7826
물      87321     0.2796    64.0622
등      86674     0.2775    64.3397
할      85680     0.2743    64.6140
실      84453     0.2704    64.8843
통      83984     0.2689    65.1532
었      82308     0.2635    65.4167
미      82301     0.2635    65.6802
모      81838     0.2620    65.9422
러      81439     0.2607    66.2029
업      81327     0.2604    66.4633
교      80246     0.2569    66.7202
체      80048     0.2563    66.9765
진      76522     0.2450    67.2214
재      75723     0.2424    67.4639
안      75312     0.2411    67.7050
야      74076     0.2371    67.9421
명      71530     0.2290    68.1711
민      71043     0.2274    68.3986
간      70882     0.2269    68.6255
며      70546     0.2258    68.8513
단      70500     0.2257    69.0770
당      69539     0.2226    69.2997
요      69066     0.2211    69.5208
년      68272     0.2186    69.7393
거      68141     0.2181    69.9575
마      68079     0.2180    70.1754
금      66513     0.2129    70.3884
된      66196     0.2119    70.6003
오      66060     0.2115    70.8118
본      64807     0.2075    71.0193
했      64453     0.2063    71.2256
법      64451     0.2063    71.4319
합      63959     0.2048    71.6367
식      63810     0.2043    71.8410
없      63710     0.2040    72.0449
각      62763     0.2009    72.2459
였      62618     0.2005    72.4463
결      60853     0.1948    72.6412
영      60754     0.1945    72.8357
행      60686     0.1943    73.0299
때      60500     0.1937    73.2236
데      60466     0.1936    73.4172
력      60342     0.1932    73.6104
반      60054     0.1923    73.8027
설      58711     0.1880    73.9906
터      58676     0.1878    74.1785
려      57929     0.1855    74.3639
속      57361     0.1836    74.5476
운      56311     0.1803    74.7278
양      54808     0.1755    74.9033
현      54765     0.1753    75.0786
차      54638     0.1749    75.2535
종      54433     0.1743    75.4278
말      52668     0.1686    75.5964
형      52341     0.1676    75.7640
음      52135     0.1669    75.9309
술      51850     0.1660    76.0969
석      50456     0.1615    76.2584
바      50049     0.1602    76.4186
입      49938     0.1599    76.5785
역      49241     0.1576    76.7362
임      48799     0.1562    76.8924
않      48663     0.1558    77.0482
작      48405     0.1550    77.2031
히      47948     0.1535    77.3567
및      47192     0.1511    77.5077
건      46182     0.1478    77.6556
질      45465     0.1456    77.8011
표      45095     0.1444    77.9455
외      44467     0.1424    78.0879
강      43832     0.1403    78.2282
두      43777     0.1401    78.3683
까      43252     0.1385    78.5068
백      42953     0.1375    78.6443
권      42707     0.1367    78.7810
트      42309     0.1354    78.9165
르      41865     0.1340    79.0505
직      41744     0.1336    79.1842
불      41579     0.1331    79.3173
호      41396     0.1325    79.4498
심      41348     0.1324    79.5822
따      41001     0.1313    79.7134
처      40970     0.1312    79.8446
타      40966     0.1312    79.9758
태      40770     0.1305    80.1063
출      40058     0.1282    80.2345
파      39471     0.1264    80.3609
천      39186     0.1255    80.4863
남      38751     0.1241    80.6104
람      38662     0.1238    80.7342
던      38524     0.1233    80.8575
점      38343     0.1228    80.9803
감      37840     0.1211    81.1014
저      37483     0.1200    81.2214
난      37262     0.1193    81.3407
후      36817     0.1179    81.4586
포      36505     0.1169    81.5754
또      36418     0.1166    81.6920
특      36356     0.1164    81.8084
최      35863     0.1148    81.9232
크      35717     0.1143    82.0376
달      35702     0.1143    82.1519
예      35605     0.1140    82.2658
같      35561     0.1138    82.3797
능      35430     0.1134    82.4931
변      34716     0.1111    82.6043
북      34607     0.1108    82.7151
드      34506     0.1105    82.8255
프      34481     0.1104    82.9359
래      34423     0.1102    83.0461
책      34101     0.1092    83.1553
김      33988     0.1088    83.2641
노      33637     0.1077    83.3718
함      33578     0.1075    83.4793
박      33302     0.1066    83.5859
배      33251     0.1065    83.6923
추      32564     0.1043    83.7966
환      32362     0.1036    83.9002
열      31884     0.1021    84.0023
평      31562     0.1010    84.1033
증      31511     0.1009    84.2042
매      31206     0.0999    84.3041
울      31177     0.0998    84.4039
품      31172     0.0998    84.5037
약      31141     0.0997    84.6034
집      31018     0.0993    84.7027
군      30876     0.0988    84.8016
향      30772     0.0985    84.9001
근      30461     0.0975    84.9976
알      30423     0.0974    85.0950
초      30323     0.0971    85.1921
온      30303     0.0970    85.2891
급      30243     0.0968    85.3859
목      30168     0.0966    85.4825
더      30047     0.0962    85.5787
료      29995     0.0960    85.6747
른      29949     0.0959    85.7706
론      29074     0.0931    85.8637
확      28515     0.0913    85.9550
준      28449     0.0911    86.0460
토      27900     0.0893    86.1354
록      27838     0.0891    86.2245
활      27752     0.0888    86.3133
련      27574     0.0883    86.4016
격      27541     0.0882    86.4898
월      27352     0.0876    86.5773
광      27140     0.0869    86.6642
판      26695     0.0855    86.7497
키      26520     0.0849    86.8346
청      26462     0.0847    86.9193
습      26372     0.0844    87.0037
험      25834     0.0827    87.0864
번      25687     0.0822    87.1687
절      25378     0.0812    87.2499
류      25205     0.0807    87.3306
규      24777     0.0793    87.4099
루      24605     0.0788    87.4887
복      24386     0.0781    87.5668
량      24384     0.0781    87.6448
많      24098     0.0771    87.7220
피      24041     0.0770    87.7990
새      24014     0.0769    87.8758
레      23919     0.0766    87.9524
응      23810     0.0762    88.0286
받      23396     0.0749    88.1035
령      23295     0.0746    88.1781
란      23243     0.0744    88.2525
날      23186     0.0742    88.3268
편      23161     0.0741    88.4009
못      22778     0.0729    88.4738
항      22624     0.0724    88.5463
살      22488     0.0720    88.6182
았      22160     0.0709    88.6892
검      22141     0.0709    88.7601
측      22035     0.0705    88.8306
필      21954     0.0703    88.9009
망      21498     0.0688    88.9697
독      21324     0.0683    89.0380
린      21231     0.0680    89.1060
효      21228     0.0680    89.1739
립      21200     0.0679    89.2418
언      21047     0.0674    89.3092
육      20880     0.0668    89.3760
올      20711     0.0663    89.4423
축      20684     0.0662    89.5085
뉴      20300     0.0650    89.5735
느      20163     0.0646    89.6381
투      20080     0.0643    89.7024
병      19888     0.0637    89.7660
런      19761     0.0633    89.8293
름      19622     0.0628    89.8921
철      19595     0.0627    89.9549
협      19327     0.0619    90.0167
디      19274     0.0617    90.0784
든      19185     0.0614    90.1399
총      19142     0.0613    90.2011
될      19069     0.0610    90.2622
극      18914     0.0606    90.3227
담      18504     0.0592    90.3820
족      18457     0.0591    90.4411
억      18277     0.0585    90.4996
버      18048     0.0578    90.5574
순      17761     0.0569    90.6142
농      17598     0.0563    90.6706
별      17535     0.0561    90.7267
삼      17441     0.0558    90.7825
쟁      17339     0.0555    90.8380
율      17335     0.0555    90.8935
범      17277     0.0553    90.9488
길      17077     0.0547    91.0035
늘      17052     0.0546    91.0581
템      17041     0.0546    91.1127
져      17028     0.0545    91.1672
존      16981     0.0544    91.2215
접      16924     0.0542    91.2757
색      16909     0.0541    91.3299
너      16882     0.0540    91.3839
황      16861     0.0540    91.4379
막      16415     0.0526    91.4904
앞      16213     0.0519    91.5423
승      15993     0.0512    91.5935
침      15896     0.0509    91.6444
럼      15657     0.0501    91.6946
충      15535     0.0497    91.7443
돌      15265     0.0489    91.7932
찰      15195     0.0486    91.8418
림      15049     0.0482    91.8900
써      14962     0.0479    91.9379
송      14822     0.0475    91.9853
카      14660     0.0469    92.0323
손      14659     0.0469    92.0792
악      14572     0.0467    92.1258
씨      14473     0.0463    92.1722
코      14320     0.0458    92.2180
높      14200     0.0455    92.2635
참      14153     0.0453    92.3088
탄      14146     0.0453    92.3541
채      14096     0.0451    92.3992
렇      13870     0.0444    92.4436
창      13727     0.0439    92.4876
견      13571     0.0434    92.5310
쓰      13499     0.0432    92.5742
택      13209     0.0423    92.6165
잘      13203     0.0423    92.6588
겠      13156     0.0421    92.7009
줄      13063     0.0418    92.7427
폭      13022     0.0417    92.7844
워      12993     0.0416    92.8260
잡      12974     0.0415    92.8675
획      12816     0.0410    92.9086
균      12808     0.0410    92.9496
밀      12694     0.0406    92.9902
논      12610     0.0404    93.0306
누      12494     0.0400    93.0706
머      12389     0.0397    93.1102
겨      12280     0.0393    93.1496
갖      12266     0.0393    93.1888
염      12038     0.0385    93.2274
갈      12034     0.0385    93.2659
압      11953     0.0383    93.3042
쪽      11939     0.0382    93.3424
벌      11864     0.0380    93.3804
착      11826     0.0379    93.4182
완      11749     0.0376    93.4558
랑      11742     0.0376    93.4934
께      11585     0.0371    93.5305
희      11479     0.0367    93.5673
걸      11455     0.0367    93.6039
층      11387     0.0365    93.6404
큰      11337     0.0363    93.6767
친      11228     0.0359    93.7126
밝      10820     0.0346    93.7473
취      10807     0.0346    93.7819
액      10744     0.0344    93.8163
핵      10742     0.0344    93.8507
놓      10739     0.0344    93.8850
컴      10718     0.0343    93.9194
맞      10712     0.0343    93.9536
테      10687     0.0342    93.9879
졌      10687     0.0342    94.0221
허      10625     0.0340    94.0561
메      10594     0.0339    94.0900
네      10542     0.0337    94.1238
쳐      10424     0.0334    94.1571
왔      10359     0.0332    94.1903
베      10331     0.0331    94.2234
곡      10235     0.0328    94.2561
움      10226     0.0327    94.2889
혁      10201     0.0327    94.3215
왕      10143     0.0325    94.3540
뿐      10083     0.0323    94.3863
퓨       9668     0.0310    94.4172
글       9659     0.0309    94.4482
탈       9614     0.0308    94.4789
풍       9596     0.0307    94.5097
곳       9537     0.0305    94.5402
켜       9490     0.0304    94.5706
눈       9470     0.0303    94.6009
락       9450     0.0303    94.6311
뒤       9446     0.0302    94.6614
암       9387     0.0301    94.6914
좋       9290     0.0297    94.7212
밖       9175     0.0294    94.7505
애       9157     0.0293    94.7799
얼       9009     0.0288    94.8087
귀       8848     0.0283    94.8370
먹       8757     0.0280    94.8651
혼       8724     0.0279    94.8930
돼       8716     0.0279    94.9209
덕       8639     0.0277    94.9486
끝       8626     0.0276    94.9762
촉       8597     0.0275    95.0037
긴       8531     0.0273    95.0310
얻       8501     0.0272    95.0582
혀       8460     0.0271    95.0853
패       8430     0.0270    95.1123
폐       8423     0.0270    95.1393
죽       8321     0.0266    95.1659
럽       8295     0.0266    95.1925
째       8212     0.0263    95.2187
엔       8211     0.0263    95.2450
례       8209     0.0263    95.2713
홍       8207     0.0263    95.2976
됐       8150     0.0261    95.3237
티       8140     0.0261    95.3497
볼       8130     0.0260    95.3758
익       8122     0.0260    95.4018
득       8075     0.0259    95.4276
떤       7956     0.0255    95.4531
돈       7919     0.0254    95.4784
헌       7849     0.0251    95.5036
힘       7838     0.0251    95.5287
페       7777     0.0249    95.5536
찾       7768     0.0249    95.5784
윤       7581     0.0243    95.6027
끼       7553     0.0242    95.6269
융       7493     0.0240    95.6509
뜻       7405     0.0237    95.6746
델       7372     0.0236    95.6982
듯       7341     0.0235    95.7217
몇       7328     0.0235    95.7451
므       7286     0.0233    95.7685
났       7131     0.0228    95.7913
봉       7104     0.0227    95.8140
죄       7068     0.0226    95.8367
욱       7043     0.0225    95.8592
닌       7034     0.0225    95.8817
냐       7027     0.0225    95.9042
념       6953     0.0223    95.9265
훈       6695     0.0214    95.9479
님       6673     0.0214    95.9693
징       6620     0.0212    95.9905
둘       6566     0.0210    96.0115
풀       6506     0.0208    96.0323
엄       6490     0.0208    96.0531
웨       6480     0.0207    96.0738
넘       6471     0.0207    96.0946
률       6437     0.0206    96.1152
브       6435     0.0206    96.1358
떻       6430     0.0206    96.1564
즘       6411     0.0205    96.1769
칼       6405     0.0205    96.1974
커       6364     0.0204    96.2178
떠       6201     0.0199    96.2376
슬       6143     0.0197    96.2573
골       6060     0.0194    96.2767
틀       6027     0.0193    96.2960
빠       5968     0.0191    96.3151
값       5952     0.0191    96.3341
굴       5946     0.0190    96.3532
몰       5936     0.0190    96.3722
땅       5896     0.0189    96.3911
칙       5895     0.0189    96.4099
찬       5862     0.0188    96.4287
섬       5859     0.0188    96.4475
엇       5853     0.0187    96.4662
퇴       5837     0.0187    96.4849
몸       5827     0.0187    96.5035
탁       5816     0.0186    96.5222
녀       5778     0.0185    96.5406
케       5777     0.0185    96.5591
괴       5767     0.0185    96.5776
플       5762     0.0184    96.5961
봅       5742     0.0184    96.6144
팔       5742     0.0184    96.6328
싸       5729     0.0183    96.6512
렸       5729     0.0183    96.6695
앙       5668     0.0181    96.6876
객       5583     0.0179    96.7055
욕       5563     0.0178    96.7233
답       5508     0.0176    96.7410
롯       5507     0.0176    96.7586
숙       5497     0.0176    96.7762
릴       5480     0.0175    96.7937
략       5478     0.0175    96.8113
퍼       5423     0.0174    96.8286
즈       5383     0.0172    96.8459
싶       5368     0.0172    96.8631
왜       5359     0.0172    96.8802
곧       5351     0.0171    96.8973
흥       5271     0.0169    96.9142
좌       5234     0.0168    96.9310
꾸       5224     0.0167    96.9477
큼       5162     0.0165    96.9642
깨       5090     0.0163    96.9805
클       5068     0.0162    96.9967
떨       5032     0.0161    97.0129
킨       5022     0.0161    97.0289
센       4985     0.0160    97.0449
혹       4961     0.0159    97.0608
낮       4917     0.0157    97.0765
혔       4904     0.0157    97.0922
냉       4873     0.0156    97.1078
팀       4865     0.0156    97.1234
낸       4851     0.0155    97.1389
궁       4819     0.0154    97.1543
붙       4802     0.0154    97.1697
흡       4795     0.0154    97.1851
탕       4783     0.0153    97.2004
첫       4748     0.0152    97.2156
램       4741     0.0152    97.2308
옥       4739     0.0152    97.2459
척       4703     0.0151    97.2610
첨       4702     0.0151    97.2760
잠       4697     0.0150    97.2911
빈       4668     0.0149    97.3060
벽       4657     0.0149    97.3209
놀       4638     0.0148    97.3358
먼       4627     0.0148    97.3506
흐       4622     0.0148    97.3654
짐       4614     0.0148    97.3802
혈       4587     0.0147    97.3948
즉       4554     0.0146    97.4094
칠       4502     0.0144    97.4238
십       4406     0.0141    97.4379
널       4363     0.0140    97.4519
꽃       4354     0.0139    97.4659
픽       4301     0.0138    97.4796
턴       4271     0.0137    97.4933
섭       4228     0.0135    97.5068
닐       4215     0.0135    97.5203
션       4191     0.0134    97.5337
휴       4165     0.0133    97.5471
잔       4083     0.0131    97.5601
링       4072     0.0130    97.5732
씩       4061     0.0130    97.5862
갔       4006     0.0128    97.5990
곤       3944     0.0126    97.6116
휘       3931     0.0126    97.6242
끌       3892     0.0125    97.6367
짓       3879     0.0124    97.6491
킬       3853     0.0123    97.6614
넓       3755     0.0120    97.6735
맥       3741     0.0120    97.6854
믿       3737     0.0120    97.6974
칭       3704     0.0119    97.7093
납       3690     0.0118    97.7211
낙       3651     0.0117    97.7328
웃       3645     0.0117    97.7444
깊       3643     0.0117    97.7561
멀       3618     0.0116    97.7677
탐       3596     0.0115    97.7792
렬       3590     0.0115    97.7907
옛       3590     0.0115    97.8022
쇄       3552     0.0114    97.8135
렵       3519     0.0113    97.8248
갑       3518     0.0113    97.8361
넣       3513     0.0112    97.8473
쉽       3507     0.0112    97.8585
랜       3505     0.0112    97.8698
촌       3468     0.0111    97.8809
둔       3467     0.0111    97.8920
슨       3387     0.0108    97.9028
흔       3358     0.0108    97.9136
숨       3275     0.0105    97.9240
뢰       3223     0.0103    97.9344
녹       3192     0.0102    97.9446
뿌       3189     0.0102    97.9548
뛰       3179     0.0102    97.9650
혜       3161     0.0101    97.9751
묘       3078     0.0099    97.9849
짜       3075     0.0098    97.9948
펴       3071     0.0098    98.0046
읍       3066     0.0098    98.0144
헤       3057     0.0098    98.0242
쌀       3037     0.0097    98.0339
뇌       3031     0.0097    98.0436
콘       3025     0.0097    98.0533
밤       3000     0.0096    98.0629
켰       2992     0.0096    98.0725
룹       2970     0.0095    98.0820
춘       2955     0.0095    98.0915
맡       2954     0.0095    98.1009
텔       2948     0.0094    98.1104
빛       2946     0.0094    98.1198
벼       2932     0.0094    98.1292
읽       2926     0.0094    98.1386
벗       2911     0.0093    98.1479
블       2909     0.0093    98.1572
빨       2889     0.0092    98.1664
싱       2865     0.0092    98.1756
맹       2845     0.0091    98.1847
흘       2837     0.0091    98.1938
폴       2828     0.0091    98.2029
힌       2820     0.0090    98.2119
콜       2811     0.0090    98.2209
졸       2748     0.0088    98.2297
뜨       2708     0.0087    98.2384
듣       2700     0.0086    98.2470
쉬       2680     0.0086    98.2556
냈       2657     0.0085    98.2641
쿠       2649     0.0085    98.2726
딸       2621     0.0084    98.2810
잎       2609     0.0084    98.2893
쇠       2592     0.0083    98.2976
닥       2590     0.0083    98.3059
흑       2582     0.0083    98.3142
엘       2579     0.0083    98.3224
둥       2528     0.0081    98.3305
캐       2518     0.0081    98.3386
젊       2516     0.0081    98.3466
롭       2508     0.0080    98.3547
앉       2499     0.0080    98.3627
밑       2496     0.0080    98.3707
렌       2492     0.0080    98.3786
깔       2488     0.0080    98.3866
콩       2486     0.0080    98.3946
셈       2461     0.0079    98.4024
륙       2436     0.0078    98.4102
옷       2351     0.0075    98.4178
빌       2348     0.0075    98.4253
톱       2347     0.0075    98.4328
좀       2341     0.0075    98.4403
웅       2306     0.0074    98.4477
쌍       2303     0.0074    98.4550
묻       2288     0.0073    98.4624
웠       2284     0.0073    98.4697
츠       2281     0.0073    98.4770
잃       2275     0.0073    98.4843
벨       2275     0.0073    98.4915
엽       2255     0.0072    98.4988
됨       2249     0.0072    98.5060
쯤       2248     0.0072    98.5132
렀       2233     0.0071    98.5203
멸       2229     0.0071    98.5274
찍       2215     0.0071    98.5345
쳤       2214     0.0071    98.5416
혐       2213     0.0071    98.5487
솔       2183     0.0070    98.5557
푸       2181     0.0070    98.5627
첩       2174     0.0070    98.5696
슴       2169     0.0069    98.5766
붕       2146     0.0069    98.5835
잇       2127     0.0068    98.5903
랐       2127     0.0068    98.5971
닭       2126     0.0068    98.6039
빚       2121     0.0068    98.6107
묵       2068     0.0066    98.6173
톤       2046     0.0066    98.6238
끄       2041     0.0065    98.6304
찌       2033     0.0065    98.6369
꼭       2017     0.0065    98.6433
즐       2015     0.0065    98.6498
쓸       2008     0.0064    98.6562
뒷       2006     0.0064    98.6626
듭       1984     0.0064    98.6690
슈       1975     0.0063    98.6753
럴       1968     0.0063    98.6816
겪       1967     0.0063    98.6879
맛       1961     0.0063    98.6942
낼       1950     0.0062    98.7004
옮       1946     0.0062    98.7067
탑       1942     0.0062    98.7129
쓴       1933     0.0062    98.7191
몽       1905     0.0061    98.7252
겼       1894     0.0061    98.7312
빼       1894     0.0061    98.7373
핀       1883     0.0060    98.7433
룩       1873     0.0060    98.7493
슷       1857     0.0059    98.7553
늄       1850     0.0059    98.7612
홀       1840     0.0059    98.7671
꺼       1839     0.0059    98.7730
셨       1830     0.0059    98.7788
랄       1825     0.0058    98.7847
짝       1823     0.0058    98.7905
냥       1822     0.0058    98.7963
걱       1821     0.0058    98.8022
릇       1813     0.0058    98.8080
듬       1800     0.0058    98.8137
늦       1789     0.0057    98.8195
낭       1778     0.0057    98.8252
굳       1748     0.0056    98.8308
컨       1720     0.0055    98.8363
삭       1715     0.0055    98.8417
튼       1713     0.0055    98.8472
꼬       1708     0.0055    98.8527
쥐       1689     0.0054    98.8581
핑       1689     0.0054    98.8635
랍       1684     0.0054    98.8689
밥       1683     0.0054    98.8743
꿈       1639     0.0052    98.8795
삶       1629     0.0052    98.8848
섯       1612     0.0052    98.8899
낌       1612     0.0052    98.8951
팅       1598     0.0051    98.9002
씀       1593     0.0051    98.9053
겁       1575     0.0050    98.9103
봄       1574     0.0050    98.9154
겸       1569     0.0050    98.9204
긍       1563     0.0050    98.9254
쌓       1557     0.0050    98.9304
팽       1555     0.0050    98.9354
섰       1545     0.0049    98.9403
낳       1540     0.0049    98.9452
싼       1536     0.0049    98.9502
똑       1521     0.0049    98.9550
룡       1508     0.0048    98.9599
털       1503     0.0048    98.9647
숭       1490     0.0048    98.9694
컬       1489     0.0048    98.9742
곱       1483     0.0047    98.9790
덤       1476     0.0047    98.9837
셀       1473     0.0047    98.9884
끊       1463     0.0047    98.9931
짧       1449     0.0046    98.9977
멘       1444     0.0046    99.0023
끗       1441     0.0046    99.0070
맺       1438     0.0046    99.0116
렴       1424     0.0046    99.0161
옳       1423     0.0046    99.0207
흰       1421     0.0045    99.0252
럭       1415     0.0045    99.0297
뽑       1407     0.0045    99.0343
뮬       1404     0.0045    99.0387
씬       1400     0.0045    99.0432
얘       1397     0.0045    99.0477
젠       1393     0.0045    99.0522
끔       1390     0.0045    99.0566
맨       1387     0.0044    99.0611
뀌       1383     0.0044    99.0655
덜       1380     0.0044    99.0699
믹       1377     0.0044    99.0743
멍       1371     0.0044    99.0787
밭       1367     0.0044    99.0831
뚜       1363     0.0044    99.0874
텐       1356     0.0043    99.0918
횡       1347     0.0043    99.0961
끈       1334     0.0043    99.1004
잉       1331     0.0043    99.1046
잊       1320     0.0042    99.1088
봐       1312     0.0042    99.1130
꼴       1303     0.0042    99.1172
훨       1290     0.0041    99.1213
틸       1285     0.0041    99.1255
흉       1279     0.0041    99.1296
좁       1279     0.0041    99.1337
닫       1278     0.0041    99.1377
앗       1276     0.0041    99.1418
옆       1275     0.0041    99.1459
빙       1274     0.0041    99.1500
띠       1272     0.0041    99.1541
놈       1265     0.0040    99.1581
춤       1265     0.0040    99.1622
캠       1247     0.0040    99.1662
숫       1241     0.0040    99.1701
옹       1235     0.0040    99.1741
겹       1220     0.0039    99.1780
셋       1211     0.0039    99.1819
몬       1202     0.0038    99.1857
괄       1201     0.0038    99.1896
롤       1200     0.0038    99.1934
텍       1187     0.0038    99.1972
붉       1184     0.0038    99.2010
덩       1182     0.0038    99.2048
셔       1178     0.0038    99.2085
낱       1175     0.0038    99.2123
흙       1167     0.0037    99.2160
젖       1139     0.0036    99.2197
썼       1125     0.0036    99.2233
궤       1124     0.0036    99.2269
탓       1105     0.0035    99.2304
뷰       1102     0.0035    99.2340
꾼       1099     0.0035    99.2375
팩       1099     0.0035    99.2410
렷       1097     0.0035    99.2445
덴       1096     0.0035    99.2480
뼈       1095     0.0035    99.2515
랫       1094     0.0035    99.2550
겉       1084     0.0035    99.2585
쾌       1081     0.0035    99.2619
엑       1079     0.0035    99.2654
엉       1071     0.0034    99.2688
춰       1063     0.0034    99.2722
듈       1057     0.0034    99.2756
눌       1056     0.0034    99.2790
릭       1054     0.0034    99.2824
덮       1051     0.0034    99.2857
벤       1047     0.0034    99.2891
젤       1046     0.0033    99.2924
쁜       1042     0.0033    99.2958
섞       1037     0.0033    99.2991
륨       1033     0.0033    99.3024
칸       1029     0.0033    99.3057
딩       1013     0.0032    99.3089
떼       1012     0.0032    99.3122
냄        988     0.0032    99.3153
깃        987     0.0032    99.3185
닷        982     0.0031    99.3216
룬        978     0.0031    99.3248
긋        972     0.0031    99.3279
훌        969     0.0031    99.3310
릉        966     0.0031    99.3341
틱        964     0.0031    99.3372
묶        961     0.0031    99.3402
쇼        959     0.0031    99.3433
꼽        958     0.0031    99.3464
녕        957     0.0031    99.3494
곰        954     0.0031    99.3525
펼        953     0.0031    99.3556
힐        951     0.0030    99.3586
쫓        951     0.0030    99.3616
폰        950     0.0030    99.3647
쏟        950     0.0030    99.3677
렁        945     0.0030    99.3708
쁘        943     0.0030    99.3738
퀴        942     0.0030    99.3768
껴        942     0.0030    99.3798
칩        937     0.0030    99.3828
덧        935     0.0030    99.3858
틈        935     0.0030    99.3888
륭        933     0.0030    99.3918
톨        932     0.0030    99.3948
룰        930     0.0030    99.3977
갱        928     0.0030    99.4007
옐        924     0.0030    99.4037
둑        923     0.0030    99.4066
뤄        922     0.0030    99.4096
롱        917     0.0029    99.4125
걷        913     0.0029    99.4154
딱        905     0.0029    99.4183
몫        903     0.0029    99.4212
펜        902     0.0029    99.4241
빗        899     0.0029    99.4270
렉        899     0.0029    99.4299
닉        889     0.0028    99.4327
쩌        885     0.0028    99.4355
떡        884     0.0028    99.4384
훼        882     0.0028    99.4412
굽        881     0.0028    99.4440
밟        880     0.0028    99.4468
곽        880     0.0028    99.4496
돋        873     0.0028    99.4524
왼        853     0.0027    99.4552
닝        845     0.0027    99.4579
펄        844     0.0027    99.4606
댐        833     0.0027    99.4632
싫        825     0.0026    99.4659
윈        815     0.0026    99.4685
뭐        809     0.0026    99.4711
늬        808     0.0026    99.4737
겐        805     0.0026    99.4763
밍        798     0.0026    99.4788
젓        798     0.0026    99.4814
틴        794     0.0025    99.4839
넷        790     0.0025    99.4864
컫        787     0.0025    99.4890
돕        787     0.0025    99.4915
꾀        783     0.0025    99.4940
픈        783     0.0025    99.4965
낀        780     0.0025    99.4990
턱        777     0.0025    99.5015
뚫        771     0.0025    99.5039
롬        769     0.0025    99.5064
녁        763     0.0024    99.5088
탱        761     0.0024    99.5113
껍        752     0.0024    99.5137
륜        752     0.0024    99.5161
썩        752     0.0024    99.5185
큐        746     0.0024    99.5209
닿        737     0.0024    99.5233
솟        732     0.0023    99.5256
껏        731     0.0023    99.5279
땐        731     0.0023    99.5303
햇        722     0.0023    99.5326
짚        722     0.0023    99.5349
슘        720     0.0023    99.5372
킴        716     0.0023    99.5395
킹        716     0.0023    99.5418
멋        713     0.0023    99.5441
삽        713     0.0023    99.5464
뉘        713     0.0023    99.5486
픔        706     0.0023    99.5509
씻        699     0.0022    99.5531
싹        698     0.0022    99.5554
펙        692     0.0022    99.5576
띄        690     0.0022    99.5598
켈        688     0.0022    99.5620
샤        686     0.0022    99.5642
헬        685     0.0022    99.5664
딘        684     0.0022    99.5686
끓        681     0.0022    99.5708
릿        680     0.0022    99.5729
뻗        679     0.0022    99.5751
뭇        676     0.0022    99.5773
뚝        669     0.0021    99.5794
콤        659     0.0021    99.5815
푼        656     0.0021    99.5836
깝        656     0.0021    99.5857
얽        653     0.0021    99.5878
맑        652     0.0021    99.5899
펌        647     0.0021    99.5920
뭣        644     0.0021    99.5940
캄        644     0.0021    99.5961
꿔        642     0.0021    99.5981
곁        634     0.0020    99.6002
됩        634     0.0020    99.6022
랭        626     0.0020    99.6042
숲        625     0.0020    99.6062
짙        625     0.0020    99.6082
뇨        624     0.0020    99.6102
칫        623     0.0020    99.6122
줌        623     0.0020    99.6142
튀        619     0.0020    99.6162
벡        618     0.0020    99.6182
랙        616     0.0020    99.6201
팎        615     0.0020    99.6221
떳        614     0.0020    99.6241
샘        614     0.0020    99.6260
깎        613     0.0020    99.6280
찮        609     0.0019    99.6299
켓        608     0.0019    99.6319
핫        606     0.0019    99.6338
뻔        599     0.0019    99.6357
엿        594     0.0019    99.6377
땀        593     0.0019    99.6395
늙        593     0.0019    99.6414
뿔        589     0.0019    99.6433
컷        582     0.0019    99.6452
윗        581     0.0019    99.6471
쩔        572     0.0018    99.6489
꿀        570     0.0018    99.6507
뉜        566     0.0018    99.6525
뜯        564     0.0018    99.6543
쩍        558     0.0018    99.6561
멈        557     0.0018    99.6579
딴        556     0.0018    99.6597
뚱        555     0.0018    99.6615
죠        548     0.0018    99.6632
궐        536     0.0017    99.6649
팡        530     0.0017    99.6666
헐        528     0.0017    99.6683
앤        518     0.0017    99.6700
짖        514     0.0016    99.6716
쏘        502     0.0016    99.6732
뜸        502     0.0016    99.6748
랬        502     0.0016    99.6764
꽂        501     0.0016    99.6780
굵        500     0.0016    99.6796
닦        498     0.0016    99.6812
얀        495     0.0016    99.6828
젝        494     0.0016    99.6844
흠        492     0.0016    99.6860
릅        490     0.0016    99.6875
웬        489     0.0016    99.6891
릎        484     0.0015    99.6907
잖        483     0.0015    99.6922
갓        483     0.0015    99.6938
잭        478     0.0015    99.6953
낄        476     0.0015    99.6968
텅        476     0.0015    99.6983
챙        475     0.0015    99.6999
꺾        474     0.0015    99.7014
굶        470     0.0015    99.7029
헝        466     0.0015    99.7044
딪        465     0.0015    99.7059
랴        465     0.0015    99.7073
핍        464     0.0015    99.7088
낚        459     0.0015    99.7103
멜        459     0.0015    99.7118
셰        457     0.0015    99.7132
붓        456     0.0015    99.7147
띤        454     0.0015    99.7161
앓        451     0.0014    99.7176
줘        447     0.0014    99.7190
닙        446     0.0014    99.7205
녔        443     0.0014    99.7219
볍        439     0.0014    99.7233
딜        439     0.0014    99.7247
깥        437     0.0014    99.7261
솜        435     0.0014    99.7275
킷        434     0.0014    99.7289
넉        432     0.0014    99.7302
엮        431     0.0014    99.7316
컸        431     0.0014    99.7330
뭉        431     0.0014    99.7344
캔        431     0.0014    99.7358
핏        430     0.0014    99.7371
헨        430     0.0014    99.7385
뮤        428     0.0014    99.7399
얇        427     0.0014    99.7413
닮        424     0.0014    99.7426
몹        424     0.0014    99.7440
멕        422     0.0014    99.7453
잦        422     0.0014    99.7467
봤        421     0.0013    99.7480
씌        414     0.0013    99.7493
촬        412     0.0013    99.7507
휩        411     0.0013    99.7520
빵        404     0.0013    99.7533
뻐        403     0.0013    99.7546
얹        398     0.0013    99.7558
쑤        395     0.0013    99.7571
겔        394     0.0013    99.7584
핸        394     0.0013    99.7596
엎        389     0.0012    99.7609
쑥        389     0.0012    99.7621
넥        386     0.0012    99.7633
흩        386     0.0012    99.7646
깜        378     0.0012    99.7658
빔        378     0.0012    99.7670
낡        377     0.0012    99.7682
댄        373     0.0012    99.7694
벅        371     0.0012    99.7706
뭔        370     0.0012    99.7718
밸        369     0.0012    99.7730
뜩        369     0.0012    99.7741
뜬        367     0.0012    99.7753
낫        366     0.0012    99.7765
밴        366     0.0012    99.7777
렘        364     0.0012    99.7788
갯        364     0.0012    99.7800
옴        363     0.0012    99.7812
갚        359     0.0011    99.7823
캘        357     0.0011    99.7834
봇        355     0.0011    99.7846
튜        353     0.0011    99.7857
팬        353     0.0011    99.7868
펠        352     0.0011    99.7880
걀        352     0.0011    99.7891
젼        349     0.0011    99.7902
뱃        348     0.0011    99.7913
훔        347     0.0011    99.7924
굿        342     0.0011    99.7935
홉        340     0.0011    99.7946
삐        340     0.0011    99.7957
뱀        339     0.0011    99.7968
뜰        338     0.0011    99.7979
붐        335     0.0011    99.7989
헛        333     0.0011    99.8000
툼        331     0.0011    99.8011
촛        330     0.0011    99.8021
옵        330     0.0011    99.8032
읊        328     0.0011    99.8042
꽤        327     0.0010    99.8053
툴        327     0.0010    99.8063
듐        324     0.0010    99.8074
깡        321     0.0010    99.8084
낯        320     0.0010    99.8094
렛        319     0.0010    99.8104
잣        317     0.0010    99.8115
쁨        317     0.0010    99.8125
톡        316     0.0010    99.8135
괘        313     0.0010    99.8145
찔        311     0.0010    99.8155
셧        307     0.0010    99.8165
늠        307     0.0010    99.8174
쪼        304     0.0010    99.8184
썽        303     0.0010    99.8194
쏠        302     0.0010    99.8204
꿰        302     0.0010    99.8213
솥        297     0.0010    99.8223
갇        297     0.0010    99.8232
꼈        297     0.0010    99.8242
벙        296     0.0009    99.8251
슐        295     0.0009    99.8261
괜        295     0.0009    99.8270
귤        292     0.0009    99.8279
찢        291     0.0009    99.8289
쿄        290     0.0009    99.8298
콕        288     0.0009    99.8307
쯔        285     0.0009    99.8316
홈        285     0.0009    99.8326
앵        283     0.0009    99.8335
엌        283     0.0009    99.8344
컵        282     0.0009    99.8353
샌        281     0.0009    99.8362
꽁        281     0.0009    99.8371
눠        279     0.0009    99.8380
뤼        276     0.0009    99.8388
쥴        276     0.0009    99.8397
앨        276     0.0009    99.8406
볕        275     0.0009    99.8415
늑        274     0.0009    99.8424
싣        274     0.0009    99.8432
횟        272     0.0009    99.8441
썰        272     0.0009    99.8450
퉁        270     0.0009    99.8459
숱        269     0.0009    99.8467
뱅        265     0.0008    99.8476
룸        264     0.0008    99.8484
얕        263     0.0008    99.8493
즙        262     0.0008    99.8501
둠        260     0.0008    99.8509
웰        256     0.0008    99.8517
뀐        254     0.0008    99.8526
폼        252     0.0008    99.8534
뿜        252     0.0008    99.8542
듀        251     0.0008    99.8550
븐        250     0.0008    99.8558
륵        248     0.0008    99.8566
엊        248     0.0008    99.8574
둬        245     0.0008    99.8581
맙        244     0.0008    99.8589
덟        241     0.0008    99.8597
룻        239     0.0008    99.8605
풋        237     0.0008    99.8612
뽕        235     0.0008    99.8620
슭        233     0.0007    99.8627
넬        233     0.0007    99.8635
쨌        232     0.0007    99.8642
셜        229     0.0007    99.8649
줍        228     0.0007    99.8657
짠        228     0.0007    99.8664
넌        227     0.0007    99.8671
줬        227     0.0007    99.8679
꼼        227     0.0007    99.8686
팥        226     0.0007    99.8693
똥        223     0.0007    99.8700
젯        223     0.0007    99.8707
팍        223     0.0007    99.8714
뭄        218     0.0007    99.8721
뾰        217     0.0007    99.8728
쭉        216     0.0007    99.8735
랩        213     0.0007    99.8742
텝        213     0.0007    99.8749
뛴        209     0.0007    99.8756
눗        209     0.0007    99.8762
껑        206     0.0007    99.8769
긁        206     0.0007    99.8776
쿨        206     0.0007    99.8782
럿        204     0.0007    99.8789
뺀        203     0.0006    99.8795
섹        200     0.0006    99.8802
펀        200     0.0006    99.8808
굉        200     0.0006    99.8814
댁        200     0.0006    99.8821
덱        199     0.0006    99.8827
탠        198     0.0006    99.8833
깐        198     0.0006    99.8840
냇        197     0.0006    99.8846
왈        196     0.0006    99.8852
댕        195     0.0006    99.8859
빅        195     0.0006    99.8865
퍽        194     0.0006    99.8871
뎀        193     0.0006    99.8877
콧        190     0.0006    99.8883
엷        189     0.0006    99.8889
늪        189     0.0006    99.8895
둡        188     0.0006    99.8901
짱        188     0.0006    99.8907
댈        186     0.0006    99.8913
셉        186     0.0006    99.8919
씹        186     0.0006    99.8925
햄        186     0.0006    99.8931
윌        185     0.0006    99.8937
맘        185     0.0006    99.8943
쥬        183     0.0006    99.8949
쿵        183     0.0006    99.8955
얄        182     0.0006    99.8961
뮴        181     0.0006    99.8966
깍        180     0.0006    99.8972
댔        180     0.0006    99.8978
엠        179     0.0006    99.8984
폈        179     0.0006    99.8989
삿        178     0.0006    99.8995
뱉        178     0.0006    99.9001
볏        177     0.0006    99.9007
섣        176     0.0006    99.9012
샀        175     0.0006    99.9018
펩        175     0.0006    99.9023
랗        175     0.0006    99.9029
썬        174     0.0006    99.9035
깅        174     0.0006    99.9040
쭈        173     0.0006    99.9046
갤        171     0.0005    99.9051
츰        168     0.0005    99.9057
궂        167     0.0005    99.9062
쌈        167     0.0005    99.9067
맵        166     0.0005    99.9073
쿼        166     0.0005    99.9078
췌        161     0.0005    99.9083
돔        161     0.0005    99.9088
넨        159     0.0005    99.9093
돗        158     0.0005    99.9098
켄        157     0.0005    99.9103
꿩        157     0.0005    99.9108
캡        156     0.0005    99.9113
뭘        156     0.0005    99.9118
탔        155     0.0005    99.9123
뀔        155     0.0005    99.9128
댓        152     0.0005    99.9133
쉴        150     0.0005    99.9138
툭        149     0.0005    99.9143
덥        148     0.0005    99.9147
꿇        145     0.0005    99.9152
묽        145     0.0005    99.9157
춧        142     0.0005    99.9161
씁        141     0.0005    99.9166
렐        141     0.0005    99.9170
튿        141     0.0005    99.9175
샐        140     0.0004    99.9179
갸        140     0.0004    99.9184
닛        140     0.0004    99.9188
멎        140     0.0004    99.9193
딛        139     0.0004    99.9197
휠        138     0.0004    99.9202
훑        136     0.0004    99.9206
싯        136     0.0004    99.9210
튬        135     0.0004    99.9215
맴        135     0.0004    99.9219
넋        134     0.0004    99.9223
밋        132     0.0004    99.9227
쬐        131     0.0004    99.9232
킥        130     0.0004    99.9236
휨        130     0.0004    99.9240
샅        129     0.0004    99.9244
팜        128     0.0004    99.9248
잿        128     0.0004    99.9252
빤        127     0.0004    99.9256
쩡        126     0.0004    99.9260
첼        126     0.0004    99.9264
돛        126     0.0004    99.9268
쉘        125     0.0004    99.9272
탤        125     0.0004    99.9276
훗        124     0.0004    99.9280
숯        123     0.0004    99.9284
콥        122     0.0004    99.9288
찹        122     0.0004    99.9292
뺄        121     0.0004    99.9296
엣        121     0.0004    99.9300
빽        121     0.0004    99.9304
꽉        121     0.0004    99.9308
늉        120     0.0004    99.9312
촘        120     0.0004    99.9315
찡        119     0.0004    99.9319
밉        119     0.0004    99.9323
춥        118     0.0004    99.9327
꺽        118     0.0004    99.9331
짤        118     0.0004    99.9334
퐁        117     0.0004    99.9338
볶        116     0.0004    99.9342
푹        114     0.0004    99.9345
녘        112     0.0004    99.9349
냅        112     0.0004    99.9353
헥        112     0.0004    99.9356
껄        111     0.0004    99.9360
멧        111     0.0004    99.9363
탬        111     0.0004    99.9367
맷        110     0.0004    99.9370
쥔        110     0.0004    99.9374
멱        110     0.0004    99.9377
맏        108     0.0003    99.9381
딕        107     0.0003    99.9384
겊        107     0.0003    99.9388
닳        106     0.0003    99.9391
딧        106     0.0003    99.9395
찧        105     0.0003    99.9398
줏        104     0.0003    99.9401
뺏        103     0.0003    99.9405
곶        103     0.0003    99.9408
윽        103     0.0003    99.9411
깁        103     0.0003    99.9414
눕        102     0.0003    99.9418
썹        102     0.0003    99.9421
좇        102     0.0003    99.9424
뷔        101     0.0003    99.9427
쉰        101     0.0003    99.9431
샬        101     0.0003    99.9434
쎄        100     0.0003    99.9437
톰        100     0.0003    99.9440
벳        100     0.0003    99.9443
뺨        100     0.0003    99.9447
뀜         99     0.0003    99.9450
샴         97     0.0003    99.9453
얗         97     0.0003    99.9456
홑         97     0.0003    99.9459
텃         96     0.0003    99.9462
훤         95     0.0003    99.9465
뜀         94     0.0003    99.9468
멤         94     0.0003    99.9471
팝         93     0.0003    99.9474
켤         93     0.0003    99.9477
앰         93     0.0003    99.9480
짊         93     0.0003    99.9483
쩐         92     0.0003    99.9486
땜         92     0.0003    99.9489
챔         92     0.0003    99.9492
툰         92     0.0003    99.9495
갠         91     0.0003    99.9498
벚         90     0.0003    99.9501
쁠         90     0.0003    99.9504
웍         88     0.0003    99.9506
뚤         88     0.0003    99.9509
펑         88     0.0003    99.9512
찼         87     0.0003    99.9515
뎌         87     0.0003    99.9518
슛         86     0.0003    99.9520
퀘         86     0.0003    99.9523
앎         85     0.0003    99.9526
텀         85     0.0003    99.9529
팁         84     0.0003    99.9531
윙         84     0.0003    99.9534
밧         84     0.0003    99.9537
떴         83     0.0003    99.9539
쐐         83     0.0003    99.9542
텁         83     0.0003    99.9545
칵         83     0.0003    99.9547
똘         82     0.0003    99.9550
뮌         82     0.0003    99.9553
믐         82     0.0003    99.9555
엾         81     0.0003    99.9558
껌         80     0.0003    99.9560
숟         80     0.0003    99.9563
깻         80     0.0003    99.9566
쏜         79     0.0003    99.9568
깬         78     0.0002    99.9571
멩         78     0.0002    99.9573
놔         78     0.0002    99.9576
챈         78     0.0002    99.9578
찜         78     0.0002    99.9581
뵈         77     0.0002    99.9583
탭         77     0.0002    99.9585
삯         76     0.0002    99.9588
퓰         76     0.0002    99.9590
렙         76     0.0002    99.9593
핥         75     0.0002    99.9595
뒹         75     0.0002    99.9598
뽐         74     0.0002    99.9600
벵         74     0.0002    99.9602
맣         73     0.0002    99.9605
귓         73     0.0002    99.9607
귄         73     0.0002    99.9609
잼         72     0.0002    99.9612
숍         72     0.0002    99.9614
놋         72     0.0002    99.9616
뛸         72     0.0002    99.9619
뎅         72     0.0002    99.9621
왁         71     0.0002    99.9623
췄         70     0.0002    99.9625
튕         70     0.0002    99.9628
잴         69     0.0002    99.9630
밈         69     0.0002    99.9632
꾹         68     0.0002    99.9634
탉         68     0.0002    99.9636
랏         67     0.0002    99.9638
퀀         66     0.0002    99.9641
콰         66     0.0002    99.9643
겟         65     0.0002    99.9645
찐         65     0.0002    99.9647
얌         65     0.0002    99.9649
갛         65     0.0002    99.9651
샹         64     0.0002    99.9653
뻘         64     0.0002    99.9655
뺑         63     0.0002    99.9657
꿍         63     0.0002    99.9659
빴         63     0.0002    99.9661
룽         62     0.0002    99.9663
엥         62     0.0002    99.9665
옻         62     0.0002    99.9667
뽀         61     0.0002    99.9669
빡         61     0.0002    99.9671
뻑         61     0.0002    99.9673
즌         61     0.0002    99.9675
왠         61     0.0002    99.9677
띨         61     0.0002    99.9679
쉐         60     0.0002    99.9681
텨         60     0.0002    99.9683
곪         60     0.0002    99.9685
펫         59     0.0002    99.9687
팠         59     0.0002    99.9688
눅         59     0.0002    99.9690
혓         59     0.0002    99.9692
닻         59     0.0002    99.9694
얏         58     0.0002    99.9696
꽝         58     0.0002    99.9698
횃         57     0.0002    99.9700
뤘         57     0.0002    99.9701
웁         57     0.0002    99.9703
섶         57     0.0002    99.9705
괭         56     0.0002    99.9707
쵸         55     0.0002    99.9709
넙         55     0.0002    99.9710
셸         55     0.0002    99.9712
믈         55     0.0002    99.9714
띈         53     0.0002    99.9716
듦         53     0.0002    99.9717
컥         53     0.0002    99.9719
뗏         52     0.0002    99.9721
잰         52     0.0002    99.9722
쭐         51     0.0002    99.9724
렝         51     0.0002    99.9726
뼉         51     0.0002    99.9727
츄         51     0.0002    99.9729
끽         51     0.0002    99.9731
쪄         50     0.0002    99.9732
켠         50     0.0002    99.9734
뎃         49     0.0002    99.9735
눔         48     0.0002    99.9737
잽         48     0.0002    99.9738
딤         48     0.0002    99.9740
쇳         48     0.0002    99.9741
캉         48     0.0002    99.9743
윷         47     0.0002    99.9744
뻤         47     0.0002    99.9746
땄         47     0.0002    99.9747
낟         47     0.0002    99.9749
슁         47     0.0002    99.9750
꿋         47     0.0002    99.9752
쓱         46     0.0001    99.9753
뿍         46     0.0001    99.9755
쉼         46     0.0001    99.9756
찻         46     0.0001    99.9758
휜         46     0.0001    99.9759
큘         45     0.0001    99.9761
뼛         45     0.0001    99.9762
틔         45     0.0001    99.9764
펭         45     0.0001    99.9765
땡         44     0.0001    99.9767
뫼         44     0.0001    99.9768
휙         44     0.0001    99.9769
맬         44     0.0001    99.9771
뗀         44     0.0001    99.9772
쟈         44     0.0001    99.9774
갉         44     0.0001    99.9775
쾅         44     0.0001    99.9776
냘         43     0.0001    99.9778
톈         43     0.0001    99.9779
꼰         43     0.0001    99.9781
씸         43     0.0001    99.9782
퀸         43     0.0001    99.9783
꿨         43     0.0001    99.9785
촐         43     0.0001    99.9786
헷         42     0.0001    99.9787
갭         42     0.0001    99.9789
헵         41     0.0001    99.9790
겅         41     0.0001    99.9791
땔         41     0.0001    99.9793
솝         41     0.0001    99.9794
덫         41     0.0001    99.9795
챌         41     0.0001    99.9797
꽹         41     0.0001    99.9798
랠         41     0.0001    99.9799
콸         41     0.0001    99.9801
짭         40     0.0001    99.9802
옅         40     0.0001    99.9803
뵙         40     0.0001    99.9804
둣         40     0.0001    99.9806
뒀         39     0.0001    99.9807
헴         39     0.0001    99.9808
뻣         39     0.0001    99.9809
깟         39     0.0001    99.9811
뻥         39     0.0001    99.9812
힙         39     0.0001    99.9813
핌         38     0.0001    99.9814
댑         38     0.0001    99.9816
샛         37     0.0001    99.9817
쏴         37     0.0001    99.9818
갗         37     0.0001    99.9819
뺌         37     0.0001    99.9820
섀         37     0.0001    99.9821
쿤         36     0.0001    99.9823
뇽         36     0.0001    99.9824
빻         36     0.0001    99.9825
칡         36     0.0001    99.9826
첸         36     0.0001    99.9827
짢         36     0.0001    99.9828
쳇         36     0.0001    99.9830
옇         36     0.0001    99.9831
쿡         36     0.0001    99.9832
팻         36     0.0001    99.9833
챗         35     0.0001    99.9834
샨         35     0.0001    99.9835
괸         35     0.0001    99.9836
햐         35     0.0001    99.9837
잤         35     0.0001    99.9839
휼         34     0.0001    99.9840
폿         34     0.0001    99.9841
멥         34     0.0001    99.9842
쏭         34     0.0001    99.9843
챠         34     0.0001    99.9844
텄         34     0.0001    99.9845
깰         33     0.0001    99.9846
궈         33     0.0001    99.9847
뗄         33     0.0001    99.9848
홧         33     0.0001    99.9849
끙         33     0.0001    99.9850
홋         33     0.0001    99.9851
괌         33     0.0001    99.9853
갹         33     0.0001    99.9854
쐬         33     0.0001    99.9855
꿎         32     0.0001    99.9856
꽈         32     0.0001    99.9857
헉         32     0.0001    99.9858
곬         32     0.0001    99.9859
솎         32     0.0001    99.9860
꿉         31     0.0001    99.9861
쑨         31     0.0001    99.9862
컹         31     0.0001    99.9863
왓         31     0.0001    99.9864
슥         31     0.0001    99.9865
깼         31     0.0001    99.9866
볐         31     0.0001    99.9867
닢         30     0.0001    99.9868
캬         30     0.0001    99.9869
숴         30     0.0001    99.9870
넴         29     0.0001    99.9871
탯         29     0.0001    99.9871
폄         29     0.0001    99.9872
힉         29     0.0001    99.9873
퉈         29     0.0001    99.9874
겋         29     0.0001    99.9875
핼         29     0.0001    99.9876
앴         29     0.0001    99.9877
숀         28     0.0001    99.9878
킵         28     0.0001    99.9879
벰         28     0.0001    99.9880
뮈         28     0.0001    99.9881
펐         28     0.0001    99.9882
흄         28     0.0001    99.9882
뼘         27     0.0001    99.9883
큽         27     0.0001    99.9884
놨         27     0.0001    99.9885
켐         27     0.0001    99.9886
훅         27     0.0001    99.9887
넝         26     0.0001    99.9888
헹         26     0.0001    99.9888
꼇         26     0.0001    99.9889
맸         26     0.0001    99.9890
헙         26     0.0001    99.9891
튤         26     0.0001    99.9892
꼐         26     0.0001    99.9893
쌌         25     0.0001    99.9893
넛         25     0.0001    99.9894
틂         25     0.0001    99.9895
빳         25     0.0001    99.9896
뭏         25     0.0001    99.9897
쥘         25     0.0001    99.9897
쯧         24     0.0001    99.9898
푯         24     0.0001    99.9899
뎠         24     0.0001    99.9900
웜         24     0.0001    99.9900
꼿         24     0.0001    99.9901
겻         24     0.0001    99.9902
씰         23     0.0001    99.9903
쭝         23     0.0001    99.9903
쾰         23     0.0001    99.9904
쫑         23     0.0001    99.9905
띔         22     0.0001    99.9906
몄         22     0.0001    99.9906
캅         22     0.0001    99.9907
됫         22     0.0001    99.9908
퀵         22     0.0001    99.9908
셍         21     0.0001    99.9909
챘         21     0.0001    99.9910
숄         21     0.0001    99.9910
쩨         21     0.0001    99.9911
뙈         21     0.0001    99.9912
옭         20     0.0001    99.9912
굼         20     0.0001    99.9913
벧         20     0.0001    99.9914
앳         20     0.0001    99.9914
눴         20     0.0001    99.9915
쁩         20     0.0001    99.9916
옌         20     0.0001    99.9916
떫         19     0.0001    99.9917
윅         19     0.0001    99.9917
쨋         19     0.0001    99.9918
욘         19     0.0001    99.9919
쨍         19     0.0001    99.9919
껐         19     0.0001    99.9920
쌔         19     0.0001    99.9921
셴         18     0.0001    99.9921
씽         18     0.0001    99.9922
쇽         18     0.0001    99.9922
뷴         18     0.0001    99.9923
췹         18     0.0001    99.9923
촨         18     0.0001    99.9924
떵         18     0.0001    99.9925
튈         18     0.0001    99.9925
낍         18     0.0001    99.9926
틋         18     0.0001    99.9926
넜         18     0.0001    99.9927
햅         17     0.0001    99.9927
귐         17     0.0001    99.9928
뭍         17     0.0001    99.9929
뺐         17     0.0001    99.9929
퓌         17     0.0001    99.9930
죈         16     0.0001    99.9930
넸         16     0.0001    99.9931
댜         16     0.0001    99.9931
긷         16     0.0001    99.9932
깽         16     0.0001    99.9932
믓         16     0.0001    99.9933
샵         15     0.0000    99.9933
빰         15     0.0000    99.9934
긱         15     0.0000    99.9934
땋         15     0.0000    99.9935
벋         15     0.0000    99.9935
짇         15     0.0000    99.9936
븀         15     0.0000    99.9936
픕         15     0.0000    99.9937
쿰         14     0.0000    99.9937
엡         14     0.0000    99.9937
샷         14     0.0000    99.9938
쳬         14     0.0000    99.9938
톳         14     0.0000    99.9939
쎈         14     0.0000    99.9939
읜         14     0.0000    99.9940
훠         14     0.0000    99.9940
돠         14     0.0000    99.9941
쌘         14     0.0000    99.9941
쾨         14     0.0000    99.9941
짬         14     0.0000    99.9942
쑈         14     0.0000    99.9942
믄         14     0.0000    99.9943
죤         14     0.0000    99.9943
펨         14     0.0000    99.9944
푄         14     0.0000    99.9944
뵐         14     0.0000    99.9945
욜         14     0.0000    99.9945
뷸         13     0.0000    99.9945
낵         13     0.0000    99.9946
휫         13     0.0000    99.9946
먀         13     0.0000    99.9947
냠         13     0.0000    99.9947
츨         13     0.0000    99.9948
땠         12     0.0000    99.9948
쳄         12     0.0000    99.9948
뱌         12     0.0000    99.9949
죔         12     0.0000    99.9949
삥         12     0.0000    99.9949
젬         12     0.0000    99.9950
홰         12     0.0000    99.9950
욥         12     0.0000    99.9951
켕         12     0.0000    99.9951
뭡         12     0.0000    99.9951
겆         12     0.0000    99.9952
꾐         12     0.0000    99.9952
빕         12     0.0000    99.9953
쭙         11     0.0000    99.9953
귈         11     0.0000    99.9953
걔         11     0.0000    99.9954
뵌         11     0.0000    99.9954
콱         11     0.0000    99.9954
곯         11     0.0000    99.9955
뙤         11     0.0000    99.9955
쉥         11     0.0000    99.9955
셩         11     0.0000    99.9956
켯         11     0.0000    99.9956
짹         11     0.0000    99.9956
쑹         11     0.0000    99.9957
롸         11     0.0000    99.9957
앱         11     0.0000    99.9957
셌         11     0.0000    99.9958
딥         11     0.0000    99.9958
쏙         10     0.0000    99.9958
졍         10     0.0000    99.9959
곗         10     0.0000    99.9959
쳉         10     0.0000    99.9959
붑         10     0.0000    99.9960
팰         10     0.0000    99.9960
뎨         10     0.0000    99.9960
놉         10     0.0000    99.9961
죌         10     0.0000    99.9961
띌         10     0.0000    99.9961
쬘         10     0.0000    99.9962
됴         10     0.0000    99.9962
쩝         10     0.0000    99.9962
흗         10     0.0000    99.9963
뱄          9     0.0000    99.9963
텟          9     0.0000    99.9963
쫙          9     0.0000    99.9964
쥰          9     0.0000    99.9964
붇          9     0.0000    99.9964
촤          9     0.0000    99.9964
쟤          9     0.0000    99.9965
꾜          9     0.0000    99.9965
킁          9     0.0000    99.9965
쪘          9     0.0000    99.9966
읠          9     0.0000    99.9966
졔          9     0.0000    99.9966
묄          9     0.0000    99.9966
쌩          8     0.0000    99.9967
켁          8     0.0000    99.9967
끕          8     0.0000    99.9967
쫀          8     0.0000    99.9967
쇤          8     0.0000    99.9968
툐          8     0.0000    99.9968
뗐          8     0.0000    99.9968
풂          8     0.0000    99.9968
쳔          8     0.0000    99.9969
쎌          8     0.0000    99.9969
얜          8     0.0000    99.9969
팸          8     0.0000    99.9969
숌          8     0.0000    99.9970
뵤          8     0.0000    99.9970
캥          8     0.0000    99.9970
넒          7     0.0000    99.9970
뮐          7     0.0000    99.9971
캤          7     0.0000    99.9971
퓐          7     0.0000    99.9971
뜹          7     0.0000    99.9971
껀          7     0.0000    99.9972
탸          7     0.0000    99.9972
콴          7     0.0000    99.9972
갬          7     0.0000    99.9972
멓          7     0.0000    99.9972
섧          7     0.0000    99.9973
쾡          7     0.0000    99.9973
짰          7     0.0000    99.9973
쉈          7     0.0000    99.9973
휀          7     0.0000    99.9974
뢴          7     0.0000    99.9974
툇          7     0.0000    99.9974
솨          7     0.0000    99.9974
굄          7     0.0000    99.9974
묏          7     0.0000    99.9975
냑          7     0.0000    99.9975
썅          7     0.0000    99.9975
윔          6     0.0000    99.9975
뗑          6     0.0000    99.9976
읗          6     0.0000    99.9976
퍄          6     0.0000    99.9976
뉼          6     0.0000    99.9976
찝          6     0.0000    99.9976
숑          6     0.0000    99.9977
쟀          6     0.0000    99.9977
좡          6     0.0000    99.9977
땟          6     0.0000    99.9977
쬔          6     0.0000    99.9977
뼁          6     0.0000    99.9977
갰          6     0.0000    99.9978
웩          6     0.0000    99.9978
뒈          6     0.0000    99.9978
샜          6     0.0000    99.9978
웹          6     0.0000    99.9978
삔          6     0.0000    99.9979
녈          6     0.0000    99.9979
롼          6     0.0000    99.9979
눼          6     0.0000    99.9979
횐          6     0.0000    99.9979
윰          5     0.0000    99.9980
쌉          5     0.0000    99.9980
숩          5     0.0000    99.9980
퀄          5     0.0000    99.9980
삑          5     0.0000    99.9980
퀭          5     0.0000    99.9980
돤          5     0.0000    99.9981
숏          5     0.0000    99.9981
녜          5     0.0000    99.9981
퀼          5     0.0000    99.9981
챤          5     0.0000    99.9981
챨          5     0.0000    99.9981
겜          5     0.0000    99.9981
뱁          5     0.0000    99.9982
앝          5     0.0000    99.9982
쭤          5     0.0000    99.9982
낑          5     0.0000    99.9982
읕          5     0.0000    99.9982
멉          5     0.0000    99.9982
얍          5     0.0000    99.9983
훙          5     0.0000    99.9983
띕          5     0.0000    99.9983
첵          5     0.0000    99.9983
켬          5     0.0000    99.9983
슝          5     0.0000    99.9983
꿜          5     0.0000    99.9984
휑          5     0.0000    99.9984
켸          5     0.0000    99.9984
힛          5     0.0000    99.9984
닯          4     0.0000    99.9984
셤          4     0.0000    99.9984
왬          4     0.0000    99.9984
봬          4     0.0000    99.9985
퓸          4     0.0000    99.9985
윳          4     0.0000    99.9985
귿          4     0.0000    99.9985
쒸          4     0.0000    99.9985
팼          4     0.0000    99.9985
껸          4     0.0000    99.9985
땃          4     0.0000    99.9985
겄          4     0.0000    99.9986
욤          4     0.0000    99.9986
삣          4     0.0000    99.9986
욧          4     0.0000    99.9986
돎          4     0.0000    99.9986
껭          4     0.0000    99.9986
읒          4     0.0000    99.9986
읓          4     0.0000    99.9986
꿴          4     0.0000    99.9987
흴          4     0.0000    99.9987
뎡          4     0.0000    99.9987
뻬          4     0.0000    99.9987
휄          4     0.0000    99.9987
눙          4     0.0000    99.9987
팟          4     0.0000    99.9987
꼍          4     0.0000    99.9987
똬          4     0.0000    99.9988
읔          3     0.0000    99.9988
쐰          3     0.0000    99.9988
팹          3     0.0000    99.9988
읖          3     0.0000    99.9988
쌕          3     0.0000    99.9988
쥼          3     0.0000    99.9988
츌          3     0.0000    99.9988
뎬          3     0.0000    99.9988
옜          3     0.0000    99.9988
튄          3     0.0000    99.9989
꾄          3     0.0000    99.9989
훽          3     0.0000    99.9989
띵          3     0.0000    99.9989
꽥          3     0.0000    99.9989
쒜          3     0.0000    99.9989
쩜          3     0.0000    99.9989
켑          3     0.0000    99.9989
뇔          3     0.0000    99.9989
쟌          3     0.0000    99.9989
녑          3     0.0000    99.9990
뮨          3     0.0000    99.9990
쉿          3     0.0000    99.9990
뇰          3     0.0000    99.9990
볘          3     0.0000    99.9990
궜          3     0.0000    99.9990
쫄          3     0.0000    99.9990
돐          3     0.0000    99.9990
뎐          3     0.0000    99.9990
솬          3     0.0000    99.9990
먕          3     0.0000    99.9990
텡          3     0.0000    99.9991
캇          3     0.0000    99.9991
텬          3     0.0000    99.9991
텼          3     0.0000    99.9991
덖          3     0.0000    99.9991
롄          3     0.0000    99.9991
캑          3     0.0000    99.9991
쬠          3     0.0000    99.9991
똔          3     0.0000    99.9991
흽          3     0.0000    99.9991
뽄          3     0.0000    99.9992
냔          3     0.0000    99.9992
읏          3     0.0000    99.9992
왝          3     0.0000    99.9992
긔          3     0.0000    99.9992
쉔          3     0.0000    99.9992
졈          3     0.0000    99.9992
겡          2     0.0000    99.9992
괼          2     0.0000    99.9992
꺅          2     0.0000    99.9992
웝          2     0.0000    99.9992
홱          2     0.0000    99.9992
펏          2     0.0000    99.9993
좽          2     0.0000    99.9993
첬          2     0.0000    99.9993
뇩          2     0.0000    99.9993
횔          2     0.0000    99.9993
돨          2     0.0000    99.9993
쟎          2     0.0000    99.9993
퉤          2     0.0000    99.9993
쟝          2     0.0000    99.9993
깩          2     0.0000    99.9993
엶          2     0.0000    99.9993
죵          2     0.0000    99.9993
궉          2     0.0000    99.9993
빪          2     0.0000    99.9993
뀨          2     0.0000    99.9993
땁          2     0.0000    99.9993
뤽          2     0.0000    99.9994
륀          2     0.0000    99.9994
낏          2     0.0000    99.9994
훰          2     0.0000    99.9994
왹          2     0.0000    99.9994
쨈          2     0.0000    99.9994
듸          2     0.0000    99.9994
욀          2     0.0000    99.9994
겯          2     0.0000    99.9994
쨔          2     0.0000    99.9994
캣          2     0.0000    99.9994
뷜          2     0.0000    99.9994
닺          2     0.0000    99.9994
띰          2     0.0000    99.9994
샥          2     0.0000    99.9994
옘          2     0.0000    99.9994
퀑          2     0.0000    99.9995
뉠          2     0.0000    99.9995
뗌          2     0.0000    99.9995
럇          2     0.0000    99.9995
뫄          2     0.0000    99.9995
팖          2     0.0000    99.9995
풔          2     0.0000    99.9995
룀          2     0.0000    99.9995
뎁          2     0.0000    99.9995
룔          2     0.0000    99.9995
챕          2     0.0000    99.9995
큠          2     0.0000    99.9995
퓽          2     0.0000    99.9995
뉨          2     0.0000    99.9995
큭          2     0.0000    99.9995
뵀          2     0.0000    99.9996
쫏          2     0.0000    99.9996
눋          2     0.0000    99.9996
췻          2     0.0000    99.9996
곌          2     0.0000    99.9996
쫘          2     0.0000    99.9996
벱          2     0.0000    99.9996
좆          2     0.0000    99.9996
퇘          2     0.0000    99.9996
츤          2     0.0000    99.9996
힝          2     0.0000    99.9996
짼          1     0.0000    99.9996
윕          1     0.0000    99.9996
쨉          1     0.0000    99.9996
룐          1     0.0000    99.9996
솽          1     0.0000    99.9996
샙          1     0.0000    99.9996
놂          1     0.0000    99.9996
튱          1     0.0000    99.9996
걋          1     0.0000    99.9996
젱          1     0.0000    99.9996
뀄          1     0.0000    99.9997
쵤          1     0.0000    99.9997
쿱          1     0.0000    99.9997
쿳          1     0.0000    99.9997
굇          1     0.0000    99.9997
틉          1     0.0000    99.9997
졀          1     0.0000    99.9997
윱          1     0.0000    99.9997
틘          1     0.0000    99.9997
싻          1     0.0000    99.9997
뻠          1     0.0000    99.9997
밌          1     0.0000    99.9997
묜          1     0.0000    99.9997
괵          1     0.0000    99.9997
붜          1     0.0000    99.9997
붸          1     0.0000    99.9997
꾕          1     0.0000    99.9997
큄          1     0.0000    99.9997
큇          1     0.0000    99.9997
뗘          1     0.0000    99.9997
좃          1     0.0000    99.9997
껜          1     0.0000    99.9997
벴          1     0.0000    99.9997
옰          1     0.0000    99.9997
쌜          1     0.0000    99.9997
츙          1     0.0000    99.9997
쌤          1     0.0000    99.9997
좟          1     0.0000    99.9997
뼝          1     0.0000    99.9997
쭁          1     0.0000    99.9997
좨          1     0.0000    99.9997
깠          1     0.0000    99.9998
쭌          1     0.0000    99.9998
놘          1     0.0000    99.9998
쭘          1     0.0000    99.9998
늚          1     0.0000    99.9998
섦          1     0.0000    99.9998
븍          1     0.0000    99.9998
퍅          1     0.0000    99.9998
쮸          1     0.0000    99.9998
걘          1     0.0000    99.9998
읨          1     0.0000    99.9998
뭅          1     0.0000    99.9998
뿅          1     0.0000    99.9998
랸          1     0.0000    99.9998
늡          1     0.0000    99.9998
넵          1     0.0000    99.9998
쏀          1     0.0000    99.9998
륄          1     0.0000    99.9998
빎          1     0.0000    99.9998
왱          1     0.0000    99.9998
쉠          1     0.0000    99.9998
쀼          1     0.0000    99.9998
줴          1     0.0000    99.9998
멨          1     0.0000    99.9998
쥑          1     0.0000    99.9998
쏩          1     0.0000    99.9998
욈          1     0.0000    99.9998
쥠          1     0.0000    99.9998
폅          1     0.0000    99.9998
롑          1     0.0000    99.9998
돝          1     0.0000    99.9998
뇐          1     0.0000    99.9998
잗          1     0.0000    99.9999
걍          1     0.0000    99.9999
뒬          1     0.0000    99.9999
쐼          1     0.0000    99.9999
몃          1     0.0000    99.9999
뇜          1     0.0000    99.9999
딨          1     0.0000    99.9999
퐈          1     0.0000    99.9999
푀          1     0.0000    99.9999
꺄          1     0.0000    99.9999
쑬          1     0.0000    99.9999
푠          1     0.0000    99.9999
쑴          1     0.0000    99.9999
몌          1     0.0000    99.9999
쒀          1     0.0000    99.9999
뎔          1     0.0000    99.9999
챵          1     0.0000    99.9999
넹          1     0.0000    99.9999
톄          1     0.0000    99.9999
쒼          1     0.0000    99.9999
휸          1     0.0000    99.9999
쓩          1     0.0000    99.9999
뱍          1     0.0000    99.9999
풩          1     0.0000    99.9999
뱐          1     0.0000    99.9999
삵          1     0.0000    99.9999
켭          1     0.0000    99.9999
뱝          1     0.0000    99.9999
쓿          1     0.0000    99.9999
웡          1     0.0000    99.9999
톺          1     0.0000    99.9999
톼          1     0.0000   100.0000
쟨          1     0.0000   100.0000
덛          1     0.0000   100.0000
뜁          1     0.0000   100.0000
뵘          1     0.0000   100.0000
깆          1     0.0000   100.0000
흼          1     0.0000   100.0000
뢸          1     0.0000   100.0000
뵨          1     0.0000   100.0000
짯          1     0.0000   100.0000
랒          1     0.0000   100.0000
툿          1     0.0000   100.0000
먈          1     0.0000   100.0000
뺘          1     0.0000   100.0000
퉜          1     0.0000   100.0000
랖          1     0.0000   100.0000
=====================================
음절 개수 = 2026, 총 음절수 = 31235937